{"producer":{"name":"Blender","version":"2.78 (sub 5)","exporter_version":"5.3-beta","file":"alien2.babylon"},
"autoClear":true,"clearColor":[0.0509,0.0509,0.0509],"ambientColor":[0,0,0],"gravity":[0,-9.81,0],
"materials":[{"name":"alien2.alien_002_transp","id":"alien2.alien_002_transp","ambient":[1,1,1],"diffuse":[0.8,0.8,0.8],"specular":[0.5,0.5,0.5],"emissive":[0,0,0],"specularPower":49,"alpha":1,"backFaceCulling":true,"checkReadyOnlyOnce":false,"maxSimultaneousLights":4, 
"diffuseTexture":{"name":"alien_02_col-low.png","level":1,"hasAlpha":1,"coordinatesMode":0,"uOffset":0,"vOffset":0,"uScale":1,"vScale":1,"uAng":0,"vAng":0,"wAng":0,"wrapU":1,"wrapV":1,"coordinatesIndex":0}},
{"name":"alien2.alien_002","id":"alien2.alien_002","ambient":[1,1,1],"diffuse":[0.8,0.8,0.8],"specular":[0.5,0.5,0.5],"emissive":[0,0,0],"specularPower":49,"alpha":1,"backFaceCulling":true,"checkReadyOnlyOnce":false,"maxSimultaneousLights":4, 
"diffuseTexture":{"name":"alien_02_col-low.png","level":1,"hasAlpha":1,"coordinatesMode":0,"uOffset":0,"vOffset":0,"uScale":1,"vScale":1,"uAng":0,"vAng":0,"wAng":0,"wrapU":1,"wrapV":1,"coordinatesIndex":0}}],
"multiMaterials":[],
"skeletons":[{"name":"Armature","id":0,"dimensionsAtRest":[0,1.4675,0.3567],"bones":[
{"name":"root","index":0,"matrix":[0.01,0,0,0,0,0.01,0,0,0,0,-0.01,0,0,0,0,1],"rest":[0.01,0,0,0,0,0.01,0,0,0,0,-0.01,0,0,0,0,1],"parentBoneIndex":-1,"length":0.3811
,"animation":{"dataType":3,"framePerSecond":24,"keys":[
{"frame":1,"values":[0.01,0,0,0,0,0.01,0,0,0,0,-0.01,0,0,0,0,1]},
{"frame":2,"values":[0.01,0.0009,0,0,-0.0009,0.01,0,0,0,0,-0.01,0,0,0,0,1]},
{"frame":3,"values":[0.01,0.0008,0.0001,0,-0.0008,0.01,0,0,0.0001,0,-0.01,0,-0.0004,-0.0003,0,1]},
{"frame":4,"values":[0.01,0.0008,0.0002,0,-0.0008,0.01,0,0,0.0002,0,-0.01,0,-0.0008,-0.0006,0,1]},
{"frame":5,"values":[0.01,0.0007,0.0003,0,-0.0007,0.01,0,0,0.0003,0,-0.01,0,-0.0012,-0.0009,0,1]},
{"frame":6,"values":[0.01,0.0006,0.0004,0,-0.0006,0.01,0,0,0.0004,0,-0.01,0,-0.0016,-0.0012,0,1]},
{"frame":7,"values":[0.01,0.0005,0.0005,0,-0.0005,0.01,0,0,0.0005,0,-0.01,0,-0.002,-0.0015,0,1]},
{"frame":8,"values":[0.01,0.0004,0.0006,0,-0.0004,0.01,0,0,0.0006,0,-0.01,0,-0.0024,-0.0018,0,1]},
{"frame":9,"values":[0.01,0.0003,0.0007,0,-0.0003,0.01,0,0,0.0007,0,-0.01,0,-0.0028,-0.0021,0,1]},
{"frame":10,"values":[0.01,0.0002,0.0008,0,-0.0002,0.01,0,0,0.0008,0,-0.01,0,-0.0032,-0.0024,0,1]},
{"frame":11,"values":[0.01,0.0002,0.0009,0,-0.0002,0.01,0,0,0.0009,0,-0.01,0,-0.0036,-0.0027,0,1]},
{"frame":12,"values":[0.0099,0.0001,0.001,0,-0.0001,0.01,0,0,0.001,0,-0.0099,0,-0.004,-0.003,0,1]},
{"frame":13,"values":[0.0099,0,0.0011,0,0,0.01,0,0,0.0011,0,-0.0099,0,-0.0044,-0.0033,0,1]},
{"frame":14,"values":[0.0099,-0.0001,0.0012,0,0.0001,0.01,0,0,0.0012,0,-0.0099,0,-0.0048,-0.0036,0,1]},
{"frame":15,"values":[0.0099,-0.0002,0.0014,0,0.0002,0.01,0,0,0.0014,0,-0.0099,0,-0.0052,-0.0039,0,1]},
{"frame":16,"values":[0.0099,-0.0003,0.0015,0,0.0003,0.01,0,0,0.0015,0,-0.0099,0,-0.0056,-0.0041,0,1]},
{"frame":17,"values":[0.0099,-0.0004,0.0016,0,0.0004,0.01,0,0,0.0016,-0.0001,-0.0099,0,-0.006,-0.0044,0,1]},
{"frame":18,"values":[0.0099,-0.0004,0.0015,0,0.0004,0.01,0,0,0.0015,-0.0001,-0.0099,0,-0.0064,-0.004,0,1]},
{"frame":19,"values":[0.0099,-0.0005,0.0014,0,0.0005,0.01,0,0,0.0014,-0.0001,-0.0099,0,-0.006,-0.0036,0,1]},
{"frame":20,"values":[0.0099,-0.0006,0.0013,0,0.0006,0.01,0,0,0.0013,-0.0001,-0.0099,0,-0.0056,-0.0033,0,1]},
{"frame":21,"values":[0.0099,-0.0007,0.0012,0,0.0007,0.01,0,0,0.0012,-0.0001,-0.0099,0,-0.0052,-0.0029,0,1]},
{"frame":22,"values":[0.0099,-0.0008,0.0011,0,0.0008,0.01,0,0,0.0011,-0.0001,-0.0099,0,-0.0048,-0.0025,0,1]},
{"frame":23,"values":[0.0099,-0.0009,0.001,0,0.0009,0.01,0,0,0.001,-0.0001,-0.0099,0,-0.0044,-0.0021,0,1]},
{"frame":24,"values":[0.0099,-0.001,0.001,0,0.001,0.01,0,0,0.001,-0.0001,-0.01,0,-0.004,-0.0017,0,1]},
{"frame":25,"values":[0.0099,-0.001,0.0009,0,0.0011,0.0099,0,0,0.0009,-0.0001,-0.01,0,-0.0036,-0.0013,0,1]},
{"frame":26,"values":[0.0099,-0.0011,0.0008,0,0.0011,0.0099,0,0,0.0008,-0.0001,-0.01,0,-0.0032,-0.0009,0,1]},
{"frame":27,"values":[0.0099,-0.0012,0.0007,0,0.0012,0.0099,0,0,0.0007,-0.0001,-0.01,0,-0.0028,-0.0005,0,1]},
{"frame":28,"values":[0.0099,-0.0013,0.0006,0,0.0013,0.0099,0,0,0.0006,-0.0001,-0.01,0,-0.0024,-0.0001,0,1]},
{"frame":29,"values":[0.0099,-0.0014,0.0005,0,0.0014,0.0099,0,0,0.0005,-0.0001,-0.01,0,-0.002,0.0003,0,1]},
{"frame":30,"values":[0.0099,-0.0015,0.0005,0,0.0015,0.0099,0,0,0.0004,-0.0001,-0.01,0,-0.0016,0.0007,0,1]},
{"frame":31,"values":[0.0099,-0.0016,0.0004,0,0.0016,0.0099,0,0,0.0004,-0.0001,-0.01,0,-0.0012,0.0011,0,1]},
{"frame":32,"values":[0.0099,-0.0015,0.0003,0,0.0015,0.0099,0,0,0.0003,0,-0.01,0,-0.0008,0.0015,0,1]},
{"frame":33,"values":[0.0099,-0.0014,0.0002,0,0.0014,0.0099,0,0,0.0002,0,-0.01,0,-0.0004,0.0011,0,1]},
{"frame":34,"values":[0.0099,-0.0013,0.0001,0,0.0013,0.0099,0,0,0.0001,0,-0.01,0,0,0.0007,0,1]},
{"frame":35,"values":[0.0099,-0.0012,0,0,0.0012,0.0099,0,0,0,0,-0.01,0,0.0004,0.0003,0,1]},
{"frame":36,"values":[0.0099,-0.0012,-0.0001,0,0.0012,0.0099,0,0,-0.0001,0,-0.01,0,0.0008,-0.0001,0,1]},
{"frame":37,"values":[0.0099,-0.0011,-0.0001,0,0.0011,0.0099,0,0,-0.0001,0,-0.01,0,0.0012,-0.0006,0,1]},
{"frame":38,"values":[0.0099,-0.001,-0.0002,0,0.001,0.01,0,0,-0.0002,0,-0.01,0,0.0016,-0.001,0,1]},
{"frame":39,"values":[0.01,-0.0009,-0.0003,0,0.0009,0.01,0,0,-0.0003,0,-0.01,0,0.002,-0.0014,0,1]},
{"frame":40,"values":[0.01,-0.0008,-0.0004,0,0.0008,0.01,0,0,-0.0004,0,-0.01,0,0.0024,-0.0018,0,1]},
{"frame":41,"values":[0.01,-0.0007,-0.0005,0,0.0007,0.01,0,0,-0.0005,0,-0.01,0,0.0028,-0.0022,0,1]},
{"frame":42,"values":[0.01,-0.0007,-0.0006,0,0.0007,0.01,0,0,-0.0006,0,-0.01,0,0.0032,-0.0026,0,1]},
{"frame":43,"values":[0.01,-0.0006,-0.0007,0,0.0006,0.01,0,0,-0.0007,0,-0.01,0,0.003,-0.0031,0,1]},
{"frame":44,"values":[0.01,-0.0005,-0.0007,0,0.0005,0.01,0,0,-0.0007,0,-0.01,0,0.0029,-0.0035,0,1]},
{"frame":45,"values":[0.01,-0.0004,-0.0008,0,0.0004,0.01,0,0,-0.0008,0,-0.01,0,0.0027,-0.0039,0,1]},
{"frame":46,"values":[0.01,-0.0003,-0.0009,0,0.0003,0.01,0,0,-0.0009,0,-0.01,0,0.0025,-0.0043,0,1]},
{"frame":47,"values":[0.0099,-0.0002,-0.001,0,0.0002,0.01,0,0,-0.001,0,-0.01,0,0.0024,-0.0047,0,1]},
{"frame":48,"values":[0.01,-0.0002,-0.0009,0,0.0002,0.01,0,0,-0.0009,0,-0.01,0,0.0022,-0.0044,0,1]},
{"frame":49,"values":[0.01,-0.0001,-0.0009,0,0.0001,0.01,0,0,-0.0009,0,-0.01,0,0.002,-0.0041,0,1]},
{"frame":50,"values":[0.01,0,-0.0008,0,0,0.01,0,0,-0.0008,0,-0.01,0,0.0019,-0.0037,0,1]},
{"frame":51,"values":[0.01,0.0001,-0.0007,0,-0.0001,0.01,0,0,-0.0007,0,-0.01,0,0.0017,-0.0034,0,1]},
{"frame":52,"values":[0.01,0.0002,-0.0006,0,-0.0002,0.01,0,0,-0.0006,0,-0.01,0,0.0015,-0.003,0,1]},
{"frame":53,"values":[0.01,0.0003,-0.0006,0,-0.0003,0.01,0,0,-0.0006,0,-0.01,0,0.0014,-0.0027,0,1]},
{"frame":54,"values":[0.01,0.0003,-0.0005,0,-0.0003,0.01,0,0,-0.0005,0,-0.01,0,0.0012,-0.0024,0,1]},
{"frame":55,"values":[0.01,0.0004,-0.0004,0,-0.0004,0.01,0,0,-0.0004,0,-0.01,0,0.001,-0.002,0,1]},
{"frame":56,"values":[0.01,0.0005,-0.0004,0,-0.0005,0.01,0,0,-0.0004,0,-0.01,0,0.0008,-0.0017,0,1]},
{"frame":57,"values":[0.01,0.0006,-0.0003,0,-0.0006,0.01,0,0,-0.0003,0,-0.01,0,0.0007,-0.0014,0,1]},
{"frame":58,"values":[0.01,0.0007,-0.0002,0,-0.0007,0.01,0,0,-0.0002,0,-0.01,0,0.0005,-0.001,0,1]},
{"frame":59,"values":[0.01,0.0008,-0.0001,0,-0.0008,0.01,0,0,-0.0001,0,-0.01,0,0.0003,-0.0007,0,1]},
{"frame":60,"values":[0.01,0.0008,-0.0001,0,-0.0008,0.01,0,0,-0.0001,0,-0.01,0,0.0002,-0.0003,0,1]},
{"frame":61,"values":[0.01,0.0009,0,0,-0.0009,0.01,0,0,0,0,-0.01,0,0,0,0,1]},
{"frame":62,"values":[0.01,0.0008,0,0,-0.0008,0.01,0,0,0,0,-0.01,0,0,0,0,1]},
{"frame":63,"values":[0.01,0.0007,0,0,-0.0007,0.01,0,0,0,0,-0.01,0,0,0,0,1]},
{"frame":64,"values":[0.01,0.0006,0,0,-0.0006,0.01,0,0,0,0,-0.01,0,0,0,0,1]},
{"frame":66,"values":[0.01,0.0005,0,0,-0.0005,0.01,0,0,0,0,-0.01,0,0,0,0,1]},
{"frame":67,"values":[0.01,0.0004,0,0,-0.0004,0.01,0,0,0,0,-0.01,0,0,0,0,1]},
{"frame":68,"values":[0.01,0.0003,0,0,-0.0003,0.01,0,0,0,0,-0.01,0,0,0,0,1]},
{"frame":69,"values":[0.01,0.0002,0,0,-0.0002,0.01,0,0,0,0,-0.01,0,0,0,0,1]},
{"frame":70,"values":[0.01,0.0001,0,0,-0.0001,0.01,0,0,0,0,-0.01,0,0,0,0,1]},
{"frame":71,"values":[0.01,0,0,0,0,0.01,0,0,0,0,-0.01,0,0,0,0,1]},
{"frame":77,"values":[0.01,0,0,0,0,0.0099,-0.0011,0,0,-0.0011,-0.0099,0,0,0,0,1]},
{"frame":78,"values":[0.01,0,0,0,0,0.0098,-0.0022,0,0,-0.0022,-0.0098,0,0,0,0,1]},
{"frame":79,"values":[0.01,0,0,0,0,0.0097,-0.0022,0,0,-0.0022,-0.0097,0,0,0,0,1]},
{"frame":80,"values":[0.01,0,0,0,0,0.0097,-0.0023,0,0,-0.0023,-0.0097,0,0,0,0,1]},
{"frame":83,"values":[0.01,0,0,0,0,0.0097,-0.0024,0,0,-0.0024,-0.0097,0,0,0,0,1]},
{"frame":86,"values":[0.01,0,0,0,0,0.0097,-0.0025,0,0,-0.0025,-0.0097,0,0,0,0,1]},
{"frame":87,"values":[0.01,0,0,0,0,0.0097,-0.0024,0,0,-0.0024,-0.0097,0,0,0,0,1]},
{"frame":90,"values":[0.01,0,0,0,0,0.0097,-0.0023,0,0,-0.0023,-0.0097,0,0,0,0,1]},
{"frame":92,"values":[0.01,0,0,0,0,0.0097,-0.0024,0,0,-0.0024,-0.0097,0,0,0,0,1]},
{"frame":93,"values":[0.01,0,0,0,0,0.0097,-0.0025,0,0,-0.0025,-0.0097,0,0,0,0,1]},
{"frame":94,"values":[0.01,0,0,0,0,0.0097,-0.0026,0,0,-0.0026,-0.0097,0,0,0,0,1]},
{"frame":95,"values":[0.01,0,0,0,0,0.0096,-0.0027,0,0,-0.0027,-0.0096,0,0,0,0,1]},
{"frame":96,"values":[0.01,0,0,0,0,0.0096,-0.0028,0,0,-0.0028,-0.0096,0,0,0,0,1]},
{"frame":97,"values":[0.01,0,0,0,0,0.0097,-0.0023,0,0,-0.0023,-0.0097,0,0,0,0,1]},
{"frame":98,"values":[0.01,0,0,0,0,0.0099,-0.0017,0,0,-0.0017,-0.0099,0,0,0,0,1]},
{"frame":99,"values":[0.01,0,0,0,0,0.0099,-0.0011,0,0,-0.0011,-0.0099,0,0,0,0,1]},
{"frame":100,"values":[0.01,0,0,0,0,0.01,-0.0006,0,0,-0.0006,-0.01,0,0,0,0,1]},
{"frame":101,"values":[0.01,0,0,0,0,0.01,0,0,0,0,-0.01,0,0,0,0,1]},
{"frame":107,"values":[0.01,0.0005,-0.0006,0,-0.0005,0.01,0.0006,0,-0.0006,0.0005,-0.01,0,0,0,0,1]},
{"frame":108,"values":[0.0099,0.0011,-0.0011,0,-0.001,0.0099,0.0011,0,-0.0012,0.001,-0.0099,0,0,0,0,1]},
{"frame":109,"values":[0.0097,0.0017,-0.0016,0,-0.0014,0.0097,0.0018,0,-0.0019,0.0015,-0.0097,0,0,0,0,1]},
{"frame":110,"values":[0.0095,0.0023,-0.0021,0,-0.0018,0.0095,0.0024,0,-0.0025,0.0019,-0.0095,0,0,0,0,1]},
{"frame":111,"values":[0.0092,0.0029,-0.0025,0,-0.0021,0.0093,0.003,0,-0.0032,0.0023,-0.0092,0,0,0,0,1]},
{"frame":112,"values":[0.0093,0.0027,-0.0023,0,-0.002,0.0094,0.0029,0,-0.003,0.0022,-0.0093,0,0,0,0,1]},
{"frame":113,"values":[0.0094,0.0026,-0.0022,0,-0.0019,0.0094,0.0027,0,-0.0027,0.0021,-0.0094,0,0,0,0,1]},
{"frame":114,"values":[0.0095,0.0024,-0.002,0,-0.0019,0.0095,0.0026,0,-0.0025,0.0021,-0.0094,0,0,0,0,1]},
{"frame":115,"values":[0.0096,0.0022,-0.0019,0,-0.0018,0.0095,0.0025,0,-0.0023,0.002,-0.0095,0,0,0,0,1]},
{"frame":116,"values":[0.0096,0.0021,-0.0017,0,-0.0017,0.0096,0.0023,0,-0.0021,0.0019,-0.0096,0,0,0,0,1]},
{"frame":117,"values":[0.0097,0.0019,-0.0016,0,-0.0016,0.0096,0.0022,0,-0.0019,0.0019,-0.0096,0,0,0,0,1]},
{"frame":118,"values":[0.0097,0.0017,-0.0014,0,-0.0014,0.0097,0.002,0,-0.0017,0.0018,-0.0097,0,0,0,0,1]},
{"frame":119,"values":[0.0097,0.0016,-0.0017,0,-0.0012,0.0097,0.0021,0,-0.002,0.0018,-0.0096,0,0,0,0,1]},
{"frame":120,"values":[0.0097,0.0014,-0.0021,0,-0.0009,0.0097,0.0021,0,-0.0023,0.0019,-0.0095,0,0,0,0,1]},
{"frame":121,"values":[0.0096,0.0012,-0.0024,0,-0.0007,0.0097,0.0022,0,-0.0026,0.0019,-0.0095,0,0,0,0,1]},
{"frame":122,"values":[0.0096,0.001,-0.0027,0,-0.0004,0.0097,0.0022,0,-0.0029,0.002,-0.0094,0,0,0,0,1]},
{"frame":123,"values":[0.0095,0.0008,-0.0031,0,-0.0001,0.0097,0.0022,0,-0.0032,0.0021,-0.0093,0,0,0,0,1]},
{"frame":124,"values":[0.0094,0.0006,-0.0034,0,0.0001,0.0097,0.0022,0,-0.0034,0.0022,-0.0091,0,0,0,0,1]},
{"frame":125,"values":[0.0093,0.0005,-0.0037,0,0.0004,0.0097,0.0022,0,-0.0037,0.0022,-0.009,0,0,0,0,1]},
{"frame":126,"values":[0.0092,0.0003,-0.004,0,0.0007,0.0097,0.0022,0,-0.004,0.0023,-0.0089,0,0,0,0,1]},
{"frame":127,"values":[0.0093,0.0001,-0.0036,0,0.0007,0.0097,0.0022,0,-0.0035,0.0023,-0.0091,0,0,0,0,1]},
{"frame":128,"values":[0.0095,-0.0001,-0.0032,0,0.0008,0.0097,0.0022,0,-0.003,0.0023,-0.0092,0,0,0,0,1]},
{"frame":129,"values":[0.0096,-0.0003,-0.0027,0,0.0009,0.0097,0.0022,0,-0.0026,0.0023,-0.0094,0,0,0,0,1]},
{"frame":130,"values":[0.0097,-0.0004,-0.0022,0,0.0009,0.0097,0.0022,0,-0.0021,0.0023,-0.0095,0,0,0,0,1]},
{"frame":131,"values":[0.0098,-0.0006,-0.0018,0,0.001,0.0097,0.0022,0,-0.0016,0.0023,-0.0096,0,0,0,0,1]},
{"frame":132,"values":[0.0099,-0.0008,-0.0013,0,0.0011,0.0097,0.0021,0,-0.0011,0.0023,-0.0097,0,0,0,0,1]},
{"frame":133,"values":[0.0099,-0.001,-0.0008,0,0.0011,0.0097,0.0021,0,-0.0006,0.0022,-0.0097,0,0,0,0,1]},
{"frame":134,"values":[0.0099,-0.0012,-0.0004,0,0.0012,0.0097,0.0021,0,-0.0001,0.0022,-0.0098,0,0,0,0,1]},
{"frame":135,"values":[0.0099,-0.0013,0.0001,0,0.0013,0.0097,0.0021,0,0.0004,0.0021,-0.0098,0,0,0,0,1]},
{"frame":136,"values":[0.0099,-0.0015,0.0006,0,0.0013,0.0097,0.0021,0,0.0009,0.002,-0.0097,0,0,0,0,1]},
{"frame":137,"values":[0.0099,-0.0013,0.0005,0,0.0012,0.0097,0.0022,0,0.0007,0.0021,-0.0098,0,0,0,0,1]},
{"frame":138,"values":[0.0099,-0.0011,0.0003,0,0.001,0.0097,0.0022,0,0.0006,0.0021,-0.0098,0,0,0,0,1]},
{"frame":139,"values":[0.01,-0.001,0.0002,0,0.0009,0.0097,0.0022,0,0.0004,0.0022,-0.0097,0,0,0,0,1]},
{"frame":140,"values":[0.01,-0.0008,0.0001,0,0.0007,0.0097,0.0022,0,0.0003,0.0022,-0.0097,0,0,0,0,1]},
{"frame":141,"values":[0.01,-0.0006,0,0,0.0006,0.0097,0.0023,0,0.0001,0.0023,-0.0097,0,0,0,0,1]},
{"frame":142,"values":[0.01,-0.0004,-0.0001,0,0.0004,0.0097,0.0023,0,0,0.0023,-0.0097,0,0,0,0,1]},
{"frame":143,"values":[0.01,-0.0002,-0.0002,0,0.0003,0.0097,0.0023,0,-0.0002,0.0023,-0.0097,0,0,0,0,1]},
{"frame":144,"values":[0.01,-0.0001,-0.0004,0,0.0001,0.0097,0.0024,0,-0.0003,0.0024,-0.0097,0,0,0,0,1]},
{"frame":145,"values":[0.01,0.0001,-0.0005,0,0,0.0097,0.0024,0,-0.0005,0.0024,-0.0097,0,0,0,0,1]},
{"frame":146,"values":[0.01,0.0003,-0.0001,0,-0.0003,0.0097,0.0024,0,-0.0002,0.0024,-0.0097,0,0,0,0,1]},
{"frame":147,"values":[0.01,0.0005,0.0003,0,-0.0005,0.0097,0.0024,0,0.0002,0.0024,-0.0097,0,0,0,0,1]},
{"frame":148,"values":[0.01,0.0007,0.0007,0,-0.0008,0.0097,0.0023,0,0.0005,0.0024,-0.0097,0,0,0,0,1]},
{"frame":149,"values":[0.0099,0.0008,0.0011,0,-0.0011,0.0097,0.0023,0,0.0008,0.0024,-0.0097,0,0,0,0,1]},
{"frame":150,"values":[0.0098,0.001,0.0015,0,-0.0013,0.0096,0.0023,0,0.0012,0.0024,-0.0096,0,0,0,0,1]},
{"frame":151,"values":[0.0098,0.0012,0.0018,0,-0.0016,0.0096,0.0022,0,0.0015,0.0024,-0.0096,0,0,0,0,1]},
{"frame":152,"values":[0.0097,0.0014,0.0022,0,-0.0019,0.0096,0.0021,0,0.0018,0.0025,-0.0095,0,0,0,0,1]},
{"frame":153,"values":[0.0097,0.0015,0.0017,0,-0.0019,0.0096,0.0022,0,0.0013,0.0025,-0.0096,0,0,0,0,1]},
{"frame":154,"values":[0.0098,0.0017,0.0012,0,-0.002,0.0095,0.0023,0,0.0007,0.0025,-0.0097,0,0,0,0,1]},
{"frame":155,"values":[0.0098,0.0019,0.0006,0,-0.002,0.0095,0.0024,0,0.0002,0.0025,-0.0097,0,0,0,0,1]},
{"frame":156,"values":[0.0098,0.0021,0.0001,0,-0.002,0.0095,0.0025,0,-0.0004,0.0025,-0.0097,0,0,0,0,1]},
{"frame":157,"values":[0.0097,0.0022,-0.0004,0,-0.0021,0.0094,0.0026,0,-0.001,0.0025,-0.0096,0,0,0,0,1]},
{"frame":158,"values":[0.0097,0.0024,-0.0009,0,-0.0021,0.0094,0.0027,0,-0.0015,0.0024,-0.0096,0,0,0,0,1]},
{"frame":159,"values":[0.0096,0.0026,-0.0014,0,-0.0021,0.0094,0.0028,0,-0.0021,0.0024,-0.0095,0,0,0,0,1]},
{"frame":160,"values":[0.0094,0.0028,-0.002,0,-0.0021,0.0093,0.0029,0,-0.0026,0.0023,-0.0094,0,0,0,0,1]},
{"frame":161,"values":[0.0092,0.0029,-0.0025,0,-0.0021,0.0093,0.003,0,-0.0032,0.0023,-0.0092,0,0,0,0,1]}],"loopBehavior":1,"name":"anim","property":"_matrix"}},
{"name":"jaw","index":1,"matrix":[1,0,0,0,0,1,0,0,0,0,1,0,0,-1.0864,-0.3567,1],"rest":[1,0,0,0,0,1,0,0,0,0,1,0,0,-1.0864,-0.3567,1],"parentBoneIndex":0,"length":0.3811
,"animation":{"dataType":3,"framePerSecond":24,"keys":[
{"frame":1,"values":[1,0,0,0,0,1,0,0,0,0,1,0,0,-1.0864,-0.3567,1]},
{"frame":3,"values":[1,0.006,0.0003,0,-0.006,1,0.0058,0,-0.0002,-0.0058,1,0,0.0017,-1.0968,-0.3567,1]},
{"frame":4,"values":[0.9999,0.012,0.0006,0,-0.012,0.9999,0.0116,0,-0.0004,-0.0116,0.9999,0,0.0033,-1.1073,-0.3567,1]},
{"frame":5,"values":[0.9998,0.018,0.0009,0,-0.018,0.9997,0.0174,0,-0.0006,-0.0174,0.9998,0,0.005,-1.1178,-0.3567,1]},
{"frame":6,"values":[0.9997,0.024,0.0013,0,-0.0241,0.9994,0.0232,0,-0.0007,-0.0232,0.9997,0,0.0066,-1.1282,-0.3567,1]},
{"frame":7,"values":[0.9995,0.0301,0.0017,0,-0.0301,0.9991,0.029,0,-0.0008,-0.029,0.9996,0,0.0083,-1.1387,-0.3567,1]},
{"frame":8,"values":[0.9993,0.0361,0.0021,0,-0.0361,0.9987,0.0348,0,-0.0008,-0.0348,0.9994,0,0.0099,-1.1491,-0.3567,1]},
{"frame":9,"values":[0.9991,0.0421,0.0026,0,-0.0421,0.9983,0.0405,0,-0.0009,-0.0406,0.9992,0,0.0116,-1.1596,-0.3567,1]},
{"frame":10,"values":[0.9988,0.0481,0.0031,0,-0.0481,0.9978,0.0463,0,-0.0008,-0.0464,0.9989,0,0.0132,-1.1701,-0.3567,1]},
{"frame":11,"values":[0.9985,0.054,0.0036,0,-0.0542,0.9972,0.0521,0,-0.0008,-0.0522,0.9986,0,0.0149,-1.1805,-0.3567,1]},
{"frame":12,"values":[0.9982,0.06,0.0042,0,-0.0602,0.9965,0.0579,0,-0.0007,-0.058,0.9983,0,0.0165,-1.191,-0.3567,1]},
{"frame":13,"values":[0.9978,0.066,0.0048,0,-0.0662,0.9958,0.0636,0,-0.0006,-0.0638,0.998,0,0.0182,-1.2014,-0.3567,1]},
{"frame":14,"values":[0.9974,0.072,0.0054,0,-0.0722,0.995,0.0694,0,-0.0004,-0.0696,0.9976,0,0.0199,-1.2119,-0.3567,1]},
{"frame":15,"values":[0.9969,0.0779,0.0061,0,-0.0782,0.9941,0.0751,0,-0.0002,-0.0754,0.9972,0,0.0215,-1.2224,-0.3567,1]},
{"frame":16,"values":[0.9965,0.0839,0.0068,0,-0.0842,0.9932,0.0809,0,0,-0.0811,0.9967,0,0.0232,-1.2328,-0.3567,1]},
{"frame":17,"values":[0.9969,0.0783,0.0066,0,-0.0786,0.9931,0.0869,0,0.0002,-0.0871,0.9962,0,0.0248,-1.2433,-0.3567,1]},
{"frame":18,"values":[0.9973,0.0727,0.0064,0,-0.073,0.993,0.0929,0,0.0004,-0.0931,0.9957,0,0.0265,-1.2537,-0.3567,1]},
{"frame":19,"values":[0.9977,0.0671,0.0061,0,-0.0674,0.9928,0.0989,0,0.0006,-0.0991,0.9951,0,0.0281,-1.2642,-0.3567,1]},
{"frame":20,"values":[0.9981,0.0615,0.0058,0,-0.0618,0.9926,0.1049,0,0.0007,-0.1051,0.9945,0,0.0298,-1.2746,-0.3567,1]},
{"frame":21,"values":[0.9984,0.0559,0.0054,0,-0.0562,0.9922,0.1109,0,0.0008,-0.111,0.9938,0,0.0314,-1.2851,-0.3567,1]},
{"frame":22,"values":[0.9987,0.0503,0.005,0,-0.0505,0.9919,0.1169,0,0.0009,-0.117,0.9931,0,0.0331,-1.2956,-0.3567,1]},
{"frame":23,"values":[0.999,0.0447,0.0046,0,-0.0449,0.9914,0.1229,0,0.0009,-0.123,0.9924,0,0.0348,-1.306,-0.3567,1]},
{"frame":24,"values":[0.9992,0.0391,0.0041,0,-0.0393,0.9909,0.1289,0,0.0009,-0.1289,0.9917,0,0.0364,-1.3165,-0.3567,1]},
{"frame":25,"values":[0.9994,0.0335,0.0036,0,-0.0337,0.9903,0.1348,0,0.0009,-0.1349,0.9909,0,0.0381,-1.3269,-0.3567,1]},
{"frame":26,"values":[0.9996,0.0279,0.0031,0,-0.0281,0.9896,0.1408,0,0.0008,-0.1408,0.99,0,0.0397,-1.3374,-0.3567,1]},
{"frame":27,"values":[0.9997,0.0223,0.0026,0,-0.0225,0.9889,0.1468,0,0.0007,-0.1468,0.9892,0,0.0414,-1.3479,-0.3567,1]},
{"frame":28,"values":[0.9999,0.0167,0.002,0,-0.0168,0.9881,0.1527,0,0.0006,-0.1527,0.9883,0,0.043,-1.3583,-0.3567,1]},
{"frame":29,"values":[0.9999,0.0112,0.0013,0,-0.0112,0.9873,0.1586,0,0.0004,-0.1586,0.9873,0,0.0447,-1.3688,-0.3567,1]},
{"frame":30,"values":[1,0.0056,0.0007,0,-0.0056,0.9863,0.1646,0,0.0002,-0.1646,0.9864,0,0.0463,-1.3792,-0.3567,1]},
{"frame":31,"values":[1,0,0,0,0,0.9854,0.1705,0,0,-0.1705,0.9854,0,0.048,-1.3897,-0.3567,1]},
{"frame":32,"values":[1,-0.0094,-0.0013,0,0.0094,0.9861,0.1658,0,-0.0003,-0.1658,0.9862,0,0.0464,-1.3796,-0.3567,1]},
{"frame":33,"values":[0.9998,-0.0187,-0.0025,0,0.0189,0.9867,0.1612,0,-0.0006,-0.1612,0.9869,0,0.0448,-1.3695,-0.3567,1]},
{"frame":34,"values":[0.9996,-0.0281,-0.0036,0,0.0284,0.9873,0.1565,0,-0.0008,-0.1565,0.9877,0,0.0432,-1.3594,-0.3567,1]},
{"frame":35,"values":[0.9993,-0.0375,-0.0048,0,0.0378,0.9877,0.1518,0,-0.001,-0.1518,0.9884,0,0.0416,-1.3493,-0.3567,1]},
{"frame":36,"values":[0.9989,-0.0469,-0.0058,0,0.0473,0.988,0.147,0,-0.0011,-0.1471,0.9891,0,0.04,-1.3391,-0.3567,1]},
{"frame":37,"values":[0.9984,-0.0563,-0.0069,0,0.0567,0.9882,0.1423,0,-0.0012,-0.1425,0.9898,0,0.0384,-1.329,-0.3567,1]},
{"frame":38,"values":[0.9978,-0.0657,-0.0079,0,0.0662,0.9883,0.1375,0,-0.0013,-0.1378,0.9905,0,0.0368,-1.3189,-0.3567,1]},
{"frame":39,"values":[0.9971,-0.0751,-0.0088,0,0.0756,0.9883,0.1328,0,-0.0013,-0.1331,0.9911,0,0.0352,-1.3088,-0.3567,1]},
{"frame":40,"values":[0.9964,-0.0845,-0.0097,0,0.085,0.9881,0.128,0,-0.0012,-0.1284,0.9917,0,0.0336,-1.2987,-0.3567,1]},
{"frame":41,"values":[0.9955,-0.0939,-0.0106,0,0.0945,0.9879,0.1232,0,-0.0011,-0.1237,0.9923,0,0.032,-1.2886,-0.3567,1]},
{"frame":42,"values":[0.9946,-0.1033,-0.0114,0,0.1039,0.9875,0.1184,0,-0.001,-0.119,0.9929,0,0.0304,-1.2785,-0.3567,1]},
{"frame":43,"values":[0.9936,-0.1126,-0.0122,0,0.1133,0.987,0.1136,0,-0.0008,-0.1143,0.9935,0,0.0288,-1.2684,-0.3567,1]},
{"frame":44,"values":[0.9924,-0.122,-0.0129,0,0.1227,0.9865,0.1088,0,-0.0006,-0.1096,0.994,0,0.0272,-1.2583,-0.3567,1]},
{"frame":45,"values":[0.9912,-0.1314,-0.0135,0,0.1321,0.9858,0.104,0,-0.0003,-0.1049,0.9945,0,0.0256,-1.2482,-0.3567,1]},
{"frame":46,"values":[0.9899,-0.1407,-0.0142,0,0.1414,0.985,0.0992,0,0,-0.1002,0.995,0,0.024,-1.238,-0.3567,1]},
{"frame":47,"values":[0.9912,-0.1315,-0.0128,0,0.1321,0.9869,0.0926,0,0.0004,-0.0935,0.9956,0,0.0224,-1.2279,-0.3567,1]},
{"frame":48,"values":[0.9924,-0.1222,-0.0115,0,0.1227,0.9887,0.0861,0,0.0008,-0.0869,0.9962,0,0.0208,-1.2178,-0.3567,1]},
{"frame":49,"values":[0.9936,-0.1129,-0.0102,0,0.1133,0.9904,0.0796,0,0.0011,-0.0802,0.9968,0,0.0192,-1.2077,-0.3567,1]},
{"frame":50,"values":[0.9946,-0.1035,-0.009,0,0.1039,0.9919,0.073,0,0.0014,-0.0735,0.9973,0,0.0176,-1.1976,-0.3567,1]},
{"frame":51,"values":[0.9955,-0.0942,-0.0079,0,0.0945,0.9933,0.0664,0,0.0016,-0.0669,0.9978,0,0.016,-1.1875,-0.3567,1]},
{"frame":52,"values":[0.9964,-0.0848,-0.0068,0,0.0851,0.9946,0.0598,0,0.0017,-0.0602,0.9982,0,0.0144,-1.1774,-0.3567,1]},
{"frame":53,"values":[0.9971,-0.0754,-0.0058,0,0.0756,0.9957,0.0532,0,0.0018,-0.0535,0.9986,0,0.0128,-1.1673,-0.3567,1]},
{"frame":54,"values":[0.9978,-0.066,-0.0049,0,0.0662,0.9967,0.0466,0,0.0018,-0.0468,0.9989,0,0.0112,-1.1572,-0.3567,1]},
{"frame":55,"values":[0.9984,-0.0566,-0.004,0,0.0567,0.9976,0.0399,0,0.0017,-0.0401,0.9992,0,0.0096,-1.147,-0.3567,1]},
{"frame":56,"values":[0.9989,-0.0472,-0.0032,0,0.0473,0.9983,0.0333,0,0.0016,-0.0334,0.9994,0,0.008,-1.1369,-0.3567,1]},
{"frame":57,"values":[0.9993,-0.0378,-0.0024,0,0.0378,0.9989,0.0267,0,0.0014,-0.0267,0.9996,0,0.0064,-1.1268,-0.3567,1]},
{"frame":58,"values":[0.9996,-0.0283,-0.0017,0,0.0283,0.9994,0.02,0,0.0011,-0.02,0.9998,0,0.0048,-1.1167,-0.3567,1]},
{"frame":59,"values":[0.9998,-0.0189,-0.0011,0,0.0189,0.9997,0.0133,0,0.0008,-0.0134,0.9999,0,0.0032,-1.1066,-0.3567,1]},
{"frame":60,"values":[1,-0.0094,-0.0005,0,0.0094,0.9999,0.0067,0,0.0004,-0.0067,1,0,0.0016,-1.0965,-0.3567,1]},
{"frame":61,"values":[1,0,0,0,0,1,0,0,0,0,1,0,0,-1.0864,-0.3567,1]},
{"frame":77,"values":[1,0,0,0,0,1,0,0,0,0,1,0,0,-1.111,-0.3567,1]},
{"frame":78,"values":[1,0,0,0,0,1,0,0,0,0,1,0,0,-1.1356,-0.3567,1]},
{"frame":79,"values":[1,0,0,0,0,1,0,0,0,0,1,0,0,-1.1286,-0.3935,1]},
{"frame":80,"values":[1,0,0,0,0,1,0,0,0,0,1,0,0,-1.1217,-0.4303,1]},
{"frame":81,"values":[1,0,0,0,0,1,0,0,0,0,1,0,0,-1.1147,-0.4671,1]},
{"frame":82,"values":[1,0,0,0,0,1,0,0,0,0,1,0,0,-1.118,-0.4758,1]},
{"frame":83,"values":[1,0,0,0,0,1,0,0,0,0,1,0,0,-1.1213,-0.4845,1]},
{"frame":84,"values":[1,0,0,0,0,1,0,0,0,0,1,0,0,-1.1246,-0.4932,1]},
{"frame":85,"values":[1,0,0,0,0,1,0,0,0,0,1,0,0,-1.1279,-0.5019,1]},
{"frame":86,"values":[1,0,0,0,0,1,0,0,0,0,1,0,0,-1.1312,-0.5106,1]},
{"frame":87,"values":[1,0,0,0,0,0.9977,0.0676,0,0,-0.0676,0.9977,0,0,-1.1789,-0.4244,1]},
{"frame":88,"values":[1,0,0,0,0,0.9908,0.1353,0,0,-0.1353,0.9908,0,0,-1.2267,-0.3381,1]},
{"frame":89,"values":[1,0,0,0,0,0.9793,0.2026,0,0,-0.2026,0.9793,0,0,-1.2744,-0.2518,1]},
{"frame":90,"values":[1,0,0,0,0,0.9631,0.269,0,0,-0.269,0.9631,0,0,-1.3222,-0.1655,1]},
{"frame":91,"values":[1,0,0,0,0,0.9425,0.3341,0,0,-0.3341,0.9425,0,0,-1.3699,-0.0793,1]},
{"frame":92,"values":[1,0,0,0,0,0.9176,0.3974,0,0,-0.3974,0.9176,0,0,-1.4176,0.007,1]},
{"frame":93,"values":[1,0,0,0,0,0.8887,0.4586,0,0,-0.4586,0.8887,0,0,-1.4654,0.0933,1]},
{"frame":94,"values":[1,0,0,0,0,0.8853,0.4649,0,0,-0.4649,0.8853,0,0,-1.4611,0.0688,1]},
{"frame":95,"values":[1,0,0,0,0,0.882,0.4713,0,0,-0.4713,0.882,0,0,-1.4567,0.0443,1]},
{"frame":96,"values":[1,0,0,0,0,0.8786,0.4776,0,0,-0.4776,0.8786,0,0,-1.4524,0.0198,1]},
{"frame":97,"values":[1,0,0,0,0,0.8751,0.4839,0,0,-0.4839,0.8751,0,0,-1.4481,-0.0047,1]},
{"frame":98,"values":[1,0,0,0,0,0.8716,0.4902,0,0,-0.4902,0.8716,0,0,-1.4438,-0.0292,1]},
{"frame":99,"values":[1,0,0,0,0,0.9421,0.3354,0,0,-0.3354,0.9421,0,0,-1.3247,-0.1384,1]},
{"frame":100,"values":[1,0,0,0,0,0.9855,0.1695,0,0,-0.1695,0.9855,0,0,-1.2055,-0.2475,1]},
{"frame":101,"values":[1,0,0,0,0,1,0,0,0,0,1,0,0,-1.0864,-0.3567,1]},
{"frame":112,"values":[0.9996,-0.0262,-0.004,0,0.0264,0.9987,0.0428,0,0.0029,-0.0429,0.9991,0,-0.0082,-1.1362,-0.3698,1]},
{"frame":113,"values":[0.9986,-0.0523,-0.0091,0,0.0529,0.9949,0.0856,0,0.0046,-0.0859,0.9963,0,-0.0165,-1.186,-0.3829,1]},
{"frame":114,"values":[0.9968,-0.0782,-0.0153,0,0.0795,0.9886,0.128,0,0.0052,-0.1289,0.9916,0,-0.0247,-1.2358,-0.396,1]},
{"frame":115,"values":[0.9943,-0.1037,-0.0227,0,0.1061,0.9797,0.1701,0,0.0046,-0.1716,0.9852,0,-0.0329,-1.2856,-0.4091,1]},
{"frame":116,"values":[0.9912,-0.1288,-0.0311,0,0.1324,0.9683,0.2116,0,0.0029,-0.2138,0.9769,0,-0.0411,-1.3354,-0.4222,1]},
{"frame":117,"values":[0.9874,-0.1533,-0.0405,0,0.1585,0.9546,0.2523,0,0,-0.2556,0.9668,0,-0.0494,-1.3852,-0.4353,1]},
{"frame":118,"values":[0.9916,-0.1248,-0.0337,0,0.129,0.9719,0.1968,0,0.0082,-0.1995,0.9799,0,-0.0455,-1.3362,-0.4123,1]},
{"frame":119,"values":[0.995,-0.0958,-0.0286,0,0.0989,0.9852,0.1403,0,0.0147,-0.1424,0.9897,0,-0.0417,-1.2873,-0.3894,1]},
{"frame":120,"values":[0.9975,-0.0665,-0.0251,0,0.0684,0.9942,0.0832,0,0.0194,-0.0847,0.9962,0,-0.0378,-1.2383,-0.3665,1]},
{"frame":121,"values":[0.999,-0.037,-0.0233,0,0.0376,0.999,0.0258,0,0.0224,-0.0266,0.9994,0,-0.0339,-1.1893,-0.3435,1]},
{"frame":122,"values":[0.9998,-0.0076,-0.0204,0,0.0086,0.9988,0.0483,0,0.02,-0.0484,0.9986,0,-0.034,-1.2198,-0.3631,1]},
{"frame":123,"values":[0.9996,0.0217,-0.0167,0,-0.0205,0.9973,0.0706,0,0.0182,-0.0702,0.9974,0,-0.0341,-1.2502,-0.3827,1]},
{"frame":124,"values":[0.9986,0.051,-0.0124,0,-0.0496,0.9944,0.0928,0,0.0171,-0.0921,0.9956,0,-0.0342,-1.2806,-0.4023,1]},
{"frame":125,"values":[0.9968,0.0801,-0.0075,0,-0.0787,0.9903,0.1149,0,0.0166,-0.1139,0.9934,0,-0.0343,-1.3111,-0.4219,1]},
{"frame":126,"values":[0.994,0.109,-0.0019,0,-0.1077,0.9847,0.1367,0,0.0167,-0.1356,0.9906,0,-0.0344,-1.3415,-0.4415,1]},
{"frame":127,"values":[0.9954,0.0956,-0.0026,0,-0.0947,0.9895,0.1092,0,0.013,-0.1085,0.994,0,-0.0316,-1.296,-0.4401,1]},
{"frame":128,"values":[0.9966,0.0821,-0.0029,0,-0.0816,0.9933,0.0817,0,0.0096,-0.0811,0.9967,0,-0.0288,-1.2504,-0.4388,1]},
{"frame":129,"values":[0.9976,0.0687,-0.0029,0,-0.0684,0.9962,0.054,0,0.0066,-0.0537,0.9985,0,-0.026,-1.2049,-0.4374,1]},
{"frame":130,"values":[0.9985,0.0552,-0.0025,0,-0.0551,0.9981,0.0264,0,0.0039,-0.0262,0.9996,0,-0.0232,-1.1593,-0.436,1]},
{"frame":131,"values":[0.9991,0.0418,-0.0017,0,-0.0418,0.9991,-0.0013,0,0.0016,0.0013,1,0,-0.0204,-1.1138,-0.4346,1]},
{"frame":132,"values":[0.9974,0.0723,0.0055,0,-0.0725,0.9947,0.0729,0,-0.0002,-0.0731,0.9973,0,-0.0237,-1.1034,-0.3928,1]},
{"frame":133,"values":[0.9946,0.1023,0.015,0,-0.1034,0.9837,0.1468,0,0.0003,-0.1476,0.9891,0,-0.027,-1.0931,-0.3511,1]},
{"frame":134,"values":[0.991,0.1315,0.0267,0,-0.1341,0.9663,0.2197,0,0.0031,-0.2213,0.9752,0,-0.0303,-1.0827,-0.3093,1]},
{"frame":135,"values":[0.9864,0.1595,0.0405,0,-0.1644,0.9426,0.2908,0,0.0082,-0.2935,0.9559,0,-0.0336,-1.0723,-0.2675,1]},
{"frame":136,"values":[0.9809,0.1861,0.0563,0,-0.1938,0.9128,0.3595,0,0.0155,-0.3635,0.9315,0,-0.037,-1.062,-0.2258,1]},
{"frame":137,"values":[0.9841,0.1697,0.0515,0,-0.1769,0.9188,0.3529,0,0.0125,-0.3564,0.9343,0,-0.0318,-1.037,-0.2351,1]},
{"frame":138,"values":[0.9871,0.1531,0.0469,0,-0.1599,0.9245,0.3461,0,0.0096,-0.3492,0.937,0,-0.0267,-1.0121,-0.2444,1]},
{"frame":139,"values":[0.9897,0.1365,0.0424,0,-0.1428,0.9298,0.3393,0,0.0069,-0.3419,0.9397,0,-0.0216,-0.9871,-0.2537,1]},
{"frame":140,"values":[0.9921,0.1198,0.038,0,-0.1256,0.9347,0.3324,0,0.0043,-0.3346,0.9424,0,-0.0164,-0.9622,-0.263,1]},
{"frame":141,"values":[0.9941,0.103,0.0337,0,-0.1084,0.9393,0.3254,0,0.0018,-0.3272,0.945,0,-0.0113,-0.9372,-0.2723,1]},
{"frame":142,"values":[0.9958,0.0862,0.0296,0,-0.0911,0.9436,0.3183,0,-0.0005,-0.3197,0.9475,0,-0.0062,-0.9123,-0.2816,1]},
{"frame":143,"values":[0.9973,0.0693,0.0256,0,-0.0738,0.9475,0.3111,0,-0.0027,-0.3122,0.95,0,-0.001,-0.8873,-0.2909,1]},
{"frame":144,"values":[0.9984,0.0523,0.0217,0,-0.0565,0.951,0.3039,0,-0.0047,-0.3046,0.9525,0,0.0041,-0.8624,-0.3002,1]},
{"frame":145,"values":[0.9992,0.0357,0.0167,0,-0.039,0.954,0.2972,0,-0.0053,-0.2976,0.9547,0,-0.0082,-0.8867,-0.3045,1]},
{"frame":146,"values":[0.9998,0.0189,0.0118,0,-0.0216,0.9566,0.2905,0,-0.0058,-0.2906,0.9568,0,-0.0205,-0.9111,-0.3088,1]},
{"frame":147,"values":[1,0.0022,0.0071,0,-0.0041,0.9589,0.2836,0,-0.0062,-0.2836,0.9589,0,-0.0328,-0.9355,-0.3132,1]},
{"frame":148,"values":[0.9999,-0.0147,0.0024,0,0.0134,0.9609,0.2766,0,-0.0064,-0.2766,0.961,0,-0.0451,-0.9599,-0.3175,1]},
{"frame":149,"values":[0.9995,-0.0315,-0.0021,0,0.0309,0.9625,0.2696,0,-0.0065,-0.2695,0.963,0,-0.0574,-0.9842,-0.3218,1]},
{"frame":150,"values":[0.9988,-0.0484,-0.0065,0,0.0484,0.9637,0.2624,0,-0.0064,-0.2624,0.9649,0,-0.0697,-1.0086,-0.3261,1]},
{"frame":151,"values":[0.9978,-0.0653,-0.0108,0,0.0659,0.9646,0.2552,0,-0.0063,-0.2553,0.9668,0,-0.082,-1.033,-0.3304,1]},
{"frame":152,"values":[0.9965,-0.0822,-0.0149,0,0.0833,0.9652,0.2479,0,-0.006,-0.2482,0.9687,0,-0.0944,-1.0574,-0.3347,1]},
{"frame":153,"values":[0.9949,-0.0991,-0.019,0,0.1008,0.9654,0.2404,0,-0.0055,-0.2411,0.9705,0,-0.1067,-1.0818,-0.3391,1]},
{"frame":154,"values":[0.993,-0.116,-0.0228,0,0.1181,0.9653,0.233,0,-0.005,-0.234,0.9722,0,-0.119,-1.1061,-0.3434,1]},
{"frame":155,"values":[0.9908,-0.1329,-0.0266,0,0.1355,0.9648,0.2254,0,-0.0043,-0.2269,0.9739,0,-0.1313,-1.1305,-0.3477,1]},
{"frame":156,"values":[0.9883,-0.1497,-0.0302,0,0.1527,0.964,0.2178,0,-0.0035,-0.2198,0.9755,0,-0.1436,-1.1549,-0.352,1]},
{"frame":157,"values":[0.9925,-0.1206,-0.0216,0,0.1225,0.9769,0.1752,0,-0.0001,-0.1765,0.9843,0,-0.1149,-1.1412,-0.3529,1]},
{"frame":158,"values":[0.9958,-0.0909,-0.0142,0,0.092,0.987,0.132,0,0.002,-0.1327,0.9912,0,-0.0862,-1.1275,-0.3539,1]},
{"frame":159,"values":[0.9981,-0.0608,-0.0081,0,0.0613,0.9942,0.0882,0,0.0027,-0.0885,0.9961,0,-0.0574,-1.1138,-0.3548,1]},
{"frame":160,"values":[0.9995,-0.0305,-0.0034,0,0.0306,0.9986,0.0442,0,0.002,-0.0442,0.999,0,-0.0287,-1.1001,-0.3558,1]},
{"frame":161,"values":[1,0,0,0,0,1,0,0,0,0,1,0,0,-1.0864,-0.3567,1]}],"loopBehavior":1,"name":"anim","property":"_matrix"}},
{"name":"left","index":2,"matrix":[1,0,0,0,0,1,0,0,0,0,1,0,0,0,0,1],"rest":[1,0,0,0,0,1,0,0,0,0,1,0,0,0,0,1],"parentBoneIndex":0,"length":0.3811
,"animation":{"dataType":3,"framePerSecond":24,"keys":[
{"frame":1,"values":[1,0,0,0,0,1,0,0,0,0,1,0,0,0,0,1]},
{"frame":3,"values":[1,0,0,0,0,1,0,0,0,0,1,0,0.0198,0,0,1]},
{"frame":4,"values":[1,0,0,0,0,1,0,0,0,0,1,0,0.0396,0,0,1]},
{"frame":5,"values":[1,0,0,0,0,1,0,0,0,0,1,0,0.0594,0,0,1]},
{"frame":6,"values":[1,0,0,0,0,1,0,0,0,0,1,0,0.0792,0,0,1]},
{"frame":7,"values":[1,0,0,0,0,1,0,0,0,0,1,0,0.099,0,0,1]},
{"frame":8,"values":[1,0,0,0,0,1,0,0,0,0,1,0,0.1188,0,0,1]},
{"frame":9,"values":[1,0,0,0,0,1,0,0,0,0,1,0,0.1386,0,0,1]},
{"frame":10,"values":[1,0,0,0,0,1,0,0,0,0,1,0,0.1584,0,0,1]},
{"frame":11,"values":[1,0,0,0,0,1,0,0,0,0,1,0,0.1782,0,0,1]},
{"frame":12,"values":[1,0,0,0,0,1,0,0,0,0,1,0,0.198,0,0,1]},
{"frame":13,"values":[1,0,0,0,0,1,0,0,0,0,1,0,0.2178,0,0,1]},
{"frame":14,"values":[1,0,0,0,0,1,0,0,0,0,1,0,0.2376,0,0,1]},
{"frame":15,"values":[1,0,0,0,0,1,0,0,0,0,1,0,0.2574,0,0,1]},
{"frame":16,"values":[1,0,0,0,0,1,0,0,0,0,1,0,0.2772,0,0,1]},
{"frame":17,"values":[1,0,0,0,0,1,0,0,0,0,1,0,0.265,0,0,1]},
{"frame":18,"values":[1,0,0,0,0,1,0,0,0,0,1,0,0.2528,0,0,1]},
{"frame":19,"values":[1,0,0,0,0,1,0,0,0,0,1,0,0.2407,0,0,1]},
{"frame":20,"values":[1,0,0,0,0,1,0,0,0,0,1,0,0.2285,0,0,1]},
{"frame":21,"values":[1,0,0,0,0,1,0,0,0,0,1,0,0.2163,0,0,1]},
{"frame":22,"values":[1,0,0,0,0,1,0,0,0,0,1,0,0.2042,0,0,1]},
{"frame":23,"values":[1,0,0,0,0,1,0,0,0,0,1,0,0.192,0,0,1]},
{"frame":24,"values":[1,0,0,0,0,1,0,0,0,0,1,0,0.1798,0,0,1]},
{"frame":25,"values":[1,0,0,0,0,1,0,0,0,0,1,0,0.1677,0,0,1]},
{"frame":26,"values":[1,0,0,0,0,1,0,0,0,0,1,0,0.1555,0,0,1]},
{"frame":27,"values":[1,0,0,0,0,1,0,0,0,0,1,0,0.1433,0,0,1]},
{"frame":28,"values":[1,0,0,0,0,1,0,0,0,0,1,0,0.1312,0,0,1]},
{"frame":29,"values":[1,0,0,0,0,1,0,0,0,0,1,0,0.119,0,0,1]},
{"frame":30,"values":[1,0,0,0,0,1,0,0,0,0,1,0,0.1068,0,0,1]},
{"frame":31,"values":[1,0,0,0,0,1,0,0,0,0,1,0,0.0947,0,0,1]},
{"frame":32,"values":[1,0,0,0,0,1,0,0,0,0,1,0,0.1099,0,0,1]},
{"frame":33,"values":[1,0,0,0,0,1,0,0,0,0,1,0,0.1251,0,0,1]},
{"frame":34,"values":[1,0,0,0,0,1,0,0,0,0,1,0,0.1403,0,0,1]},
{"frame":35,"values":[1,0,0,0,0,1,0,0,0,0,1,0,0.1555,0,0,1]},
{"frame":36,"values":[1,0,0,0,0,1,0,0,0,0,1,0,0.1708,0,0,1]},
{"frame":37,"values":[1,0,0,0,0,1,0,0,0,0,1,0,0.186,0,0,1]},
{"frame":38,"values":[1,0,0,0,0,1,0,0,0,0,1,0,0.2012,0,0,1]},
{"frame":39,"values":[1,0,0,0,0,1,0,0,0,0,1,0,0.2164,0,0,1]},
{"frame":40,"values":[1,0,0,0,0,1,0,0,0,0,1,0,0.2316,0,0,1]},
{"frame":41,"values":[1,0,0,0,0,1,0,0,0,0,1,0,0.2469,0,0,1]},
{"frame":42,"values":[1,0,0,0,0,1,0,0,0,0,1,0,0.2621,0,0,1]},
{"frame":43,"values":[1,0,0,0,0,1,0,0,0,0,1,0,0.2773,0,0,1]},
{"frame":44,"values":[1,0,0,0,0,1,0,0,0,0,1,0,0.2925,0,0,1]},
{"frame":45,"values":[1,0,0,0,0,1,0,0,0,0,1,0,0.3077,0,0,1]},
{"frame":46,"values":[1,0,0,0,0,1,0,0,0,0,1,0,0.323,0,0,1]},
{"frame":47,"values":[1,0,0,0,0,1,0,0,0,0,1,0,0.3014,0,0,1]},
{"frame":48,"values":[1,0,0,0,0,1,0,0,0,0,1,0,0.2799,0,0,1]},
{"frame":49,"values":[1,0,0,0,0,1,0,0,0,0,1,0,0.2584,0,0,1]},
{"frame":50,"values":[1,0,0,0,0,1,0,0,0,0,1,0,0.2368,0,0,1]},
{"frame":51,"values":[1,0,0,0,0,1,0,0,0,0,1,0,0.2153,0,0,1]},
{"frame":52,"values":[1,0,0,0,0,1,0,0,0,0,1,0,0.1938,0,0,1]},
{"frame":53,"values":[1,0,0,0,0,1,0,0,0,0,1,0,0.1722,0,0,1]},
{"frame":54,"values":[1,0,0,0,0,1,0,0,0,0,1,0,0.1507,0,0,1]},
{"frame":55,"values":[1,0,0,0,0,1,0,0,0,0,1,0,0.1292,0,0,1]},
{"frame":56,"values":[1,0,0,0,0,1,0,0,0,0,1,0,0.1077,0,0,1]},
{"frame":57,"values":[1,0,0,0,0,1,0,0,0,0,1,0,0.0861,0,0,1]},
{"frame":58,"values":[1,0,0,0,0,1,0,0,0,0,1,0,0.0646,0,0,1]},
{"frame":59,"values":[1,0,0,0,0,1,0,0,0,0,1,0,0.0431,0,0,1]},
{"frame":60,"values":[1,0,0,0,0,1,0,0,0,0,1,0,0.0215,0,0,1]},
{"frame":61,"values":[1,0,0,0,0,1,0,0,0,0,1,0,0,0,0,1]},
{"frame":77,"values":[1,0,0,0,0,1,0,0,0,0,1,0,0.0209,0,0,1]},
{"frame":78,"values":[1,0,0,0,0,1,0,0,0,0,1,0,0.0418,0,0,1]},
{"frame":79,"values":[1,0,0,0,0,1,0,0,0,0,1,0,0.5611,0,0,1]},
{"frame":80,"values":[1,0,0,0,0,1,0,0,0,0,1,0,1.0804,0,0,1]},
{"frame":81,"values":[1,0,0,0,0,1,0,0,0,0,1,0,1.5997,0,0,1]},
{"frame":82,"values":[1,0,0,0,0,1,0,0,0,0,1,0,1.5408,0,0,1]},
{"frame":83,"values":[1,0,0,0,0,1,0,0,0,0,1,0,1.4819,0,0,1]},
{"frame":84,"values":[1,0,0,0,0,1,0,0,0,0,1,0,1.423,0,0,1]},
{"frame":85,"values":[1,0,0,0,0,1,0,0,0,0,1,0,1.4864,0,0,1]},
{"frame":86,"values":[1,0,0,0,0,1,0,0,0,0,1,0,1.5498,0,0,1]},
{"frame":87,"values":[1,0,0,0,0,1,0,0,0,0,1,0,1.5638,0,0,1]},
{"frame":88,"values":[1,0,0,0,0,1,0,0,0,0,1,0,1.5779,0,0,1]},
{"frame":89,"values":[1,0,0,0,0,1,0,0,0,0,1,0,1.5919,0,0,1]},
{"frame":90,"values":[1,0,0,0,0,1,0,0,0,0,1,0,1.606,0,0,1]},
{"frame":91,"values":[1,0,0,0,0,1,0,0,0,0,1,0,1.62,0,0,1]},
{"frame":92,"values":[1,0,0,0,0,1,0,0,0,0,1,0,1.6341,0,0,1]},
{"frame":93,"values":[1,0,0,0,0,1,0,0,0,0,1,0,1.6481,0,0,1]},
{"frame":94,"values":[1,0,0,0,0,1,0,0,0,0,1,0,1.6621,0,0,1]},
{"frame":95,"values":[1,0,0,0,0,1,0,0,0,0,1,0,1.7838,0,0,1]},
{"frame":96,"values":[1,0,0,0,0,1,0,0,0,0,1,0,1.9055,0,0,1]},
{"frame":97,"values":[1,0,0,0,0,1,0,0,0,0,1,0,1.7728,0,0,1]},
{"frame":98,"values":[1,0,0,0,0,1,0,0,0,0,1,0,1.6402,0,0,1]},
{"frame":99,"values":[1,0,0,0,0,1,0,0,0,0,1,0,1.5075,0,0,1]},
{"frame":100,"values":[1,0,0,0,0,1,0,0,0,0,1,0,0.7538,0,0,1]},
{"frame":101,"values":[1,0,0,0,0,1,0,0,0,0,1,0,0,0,0,1]},
{"frame":161,"values":[1,0,0,0,0,1,0,0,0,0,1,0,0,0,0,1]}],"loopBehavior":1,"name":"anim","property":"_matrix"}},
{"name":"right","index":3,"matrix":[1,0,0,0,0,1,0,0,0,0,1,0,0,0,0,1],"rest":[1,0,0,0,0,1,0,0,0,0,1,0,0,0,0,1],"parentBoneIndex":0,"length":0.3811
,"animation":{"dataType":3,"framePerSecond":24,"keys":[
{"frame":1,"values":[1,0,0,0,0,1,0,0,0,0,1,0,0,0,0,1]},
{"frame":3,"values":[1,0,0,0,0,1,0,0,0,0,1,0,-0.0255,0,0,1]},
{"frame":4,"values":[1,0,0,0,0,1,0,0,0,0,1,0,-0.051,0,0,1]},
{"frame":5,"values":[1,0,0,0,0,1,0,0,0,0,1,0,-0.0766,0,0,1]},
{"frame":6,"values":[1,0,0,0,0,1,0,0,0,0,1,0,-0.1021,0,0,1]},
{"frame":7,"values":[1,0,0,0,0,1,0,0,0,0,1,0,-0.1276,0,0,1]},
{"frame":8,"values":[1,0,0,0,0,1,0,0,0,0,1,0,-0.1531,0,0,1]},
{"frame":9,"values":[1,0,0,0,0,1,0,0,0,0,1,0,-0.1787,0,0,1]},
{"frame":10,"values":[1,0,0,0,0,1,0,0,0,0,1,0,-0.2042,0,0,1]},
{"frame":11,"values":[1,0,0,0,0,1,0,0,0,0,1,0,-0.2297,0,0,1]},
{"frame":12,"values":[1,0,0,0,0,1,0,0,0,0,1,0,-0.2552,0,0,1]},
{"frame":13,"values":[1,0,0,0,0,1,0,0,0,0,1,0,-0.2808,0,0,1]},
{"frame":14,"values":[1,0,0,0,0,1,0,0,0,0,1,0,-0.3063,0,0,1]},
{"frame":15,"values":[1,0,0,0,0,1,0,0,0,0,1,0,-0.3318,0,0,1]},
{"frame":16,"values":[1,0,0,0,0,1,0,0,0,0,1,0,-0.3573,0,0,1]},
{"frame":17,"values":[1,0,0,0,0,1,0,0,0,0,1,0,-0.3392,0,0,1]},
{"frame":18,"values":[1,0,0,0,0,1,0,0,0,0,1,0,-0.3211,0,0,1]},
{"frame":19,"values":[1,0,0,0,0,1,0,0,0,0,1,0,-0.3029,0,0,1]},
{"frame":20,"values":[1,0,0,0,0,1,0,0,0,0,1,0,-0.2848,0,0,1]},
{"frame":21,"values":[1,0,0,0,0,1,0,0,0,0,1,0,-0.2667,0,0,1]},
{"frame":22,"values":[1,0,0,0,0,1,0,0,0,0,1,0,-0.2485,0,0,1]},
{"frame":23,"values":[1,0,0,0,0,1,0,0,0,0,1,0,-0.2304,0,0,1]},
{"frame":24,"values":[1,0,0,0,0,1,0,0,0,0,1,0,-0.2123,0,0,1]},
{"frame":25,"values":[1,0,0,0,0,1,0,0,0,0,1,0,-0.1941,0,0,1]},
{"frame":26,"values":[1,0,0,0,0,1,0,0,0,0,1,0,-0.176,0,0,1]},
{"frame":27,"values":[1,0,0,0,0,1,0,0,0,0,1,0,-0.1579,0,0,1]},
{"frame":28,"values":[1,0,0,0,0,1,0,0,0,0,1,0,-0.1398,0,0,1]},
{"frame":29,"values":[1,0,0,0,0,1,0,0,0,0,1,0,-0.1216,0,0,1]},
{"frame":30,"values":[1,0,0,0,0,1,0,0,0,0,1,0,-0.1035,0,0,1]},
{"frame":31,"values":[1,0,0,0,0,1,0,0,0,0,1,0,-0.0854,0,0,1]},
{"frame":32,"values":[1,0,0,0,0,1,0,0,0,0,1,0,-0.1058,0,0,1]},
{"frame":33,"values":[1,0,0,0,0,1,0,0,0,0,1,0,-0.1262,0,0,1]},
{"frame":34,"values":[1,0,0,0,0,1,0,0,0,0,1,0,-0.1466,0,0,1]},
{"frame":35,"values":[1,0,0,0,0,1,0,0,0,0,1,0,-0.167,0,0,1]},
{"frame":36,"values":[1,0,0,0,0,1,0,0,0,0,1,0,-0.1875,0,0,1]},
{"frame":37,"values":[1,0,0,0,0,1,0,0,0,0,1,0,-0.2079,0,0,1]},
{"frame":38,"values":[1,0,0,0,0,1,0,0,0,0,1,0,-0.2283,0,0,1]},
{"frame":39,"values":[1,0,0,0,0,1,0,0,0,0,1,0,-0.2487,0,0,1]},
{"frame":40,"values":[1,0,0,0,0,1,0,0,0,0,1,0,-0.2691,0,0,1]},
{"frame":41,"values":[1,0,0,0,0,1,0,0,0,0,1,0,-0.2895,0,0,1]},
{"frame":42,"values":[1,0,0,0,0,1,0,0,0,0,1,0,-0.31,0,0,1]},
{"frame":43,"values":[1,0,0,0,0,1,0,0,0,0,1,0,-0.3304,0,0,1]},
{"frame":44,"values":[1,0,0,0,0,1,0,0,0,0,1,0,-0.3508,0,0,1]},
{"frame":45,"values":[1,0,0,0,0,1,0,0,0,0,1,0,-0.3712,0,0,1]},
{"frame":46,"values":[1,0,0,0,0,1,0,0,0,0,1,0,-0.3916,0,0,1]},
{"frame":47,"values":[1,0,0,0,0,1,0,0,0,0,1,0,-0.3655,0,0,1]},
{"frame":48,"values":[1,0,0,0,0,1,0,0,0,0,1,0,-0.3394,0,0,1]},
{"frame":49,"values":[1,0,0,0,0,1,0,0,0,0,1,0,-0.3133,0,0,1]},
{"frame":50,"values":[1,0,0,0,0,1,0,0,0,0,1,0,-0.2872,0,0,1]},
{"frame":51,"values":[1,0,0,0,0,1,0,0,0,0,1,0,-0.2611,0,0,1]},
